
strategic_region={
	id=124
	name="STRATEGICREGION_124"
	provinces={
		153 650 1449 1555 1568 1596 1613 1624 1626 1639 1641 1654 1887 1937 1944 1979 1981 1997 2007 2023 2035 2052 2079 2085 2106 2136 2142 2147 2149 2152 2156 2158 2160 2161 2162 2169 2172 2173 2174 2179 2182 2194 2195 2198 2199 2204 2208 2209 2210 2212 2215 2224 2225 2226 4457 4526 4573 4602 4643 4892 4942 4969 4980 5000 5008 5026 5051 5056 5083 5088 5118 5120 5121 5131 5143 5146 5152 5159 5162 5163 5165 5166 5169 5171 5173 5179 5184 5188 5190 5191 5192 5201 5202 5209 5213 5214 5215 5216 5219 5228 5229 5230 5232 5317 7500 7550 7621 7915 7936 7968 7991 7993 8024 8047 8050 8056 8075 8080 8113 8149 8157 8160 8161 8169 8172 8175 8176 8185 8187 8191 8192 8194 8195 8198 8199 8203 8208 8211 8213 8215 8216 8217 8218 8222 8225 8229 8231 8238 8240 8251 8252 8253 8254 8255 8913 10347 10362 10375 10390 10402 10418 10494 10502 10515 10736 10747 10767 10790 10792 10823 10846 10849 10855 10864 10879 10888 10912 10924 10934 10935 10938 10940 10942 10943 10944 10952 10953 10956 10960 10961 10964 10965 10970 10973 10975 10981 10982 10985 10986 10987 10992 10996 11000 11001 11005 11007 11009 11010 11020 11021 11022 11023 12306 12321 12336 12349 12351 12364 12379 12394 12409 12440 12453 12468 12481 12494 12496 12703 12729 12770 12772 12790 12798 12825 12845 12869 12872 12901 12902 12914 12916 12917 12919 12920 12922 12928 12930 12939 12942 12943 12946 12952 12953 12954 12964 12965 12969 12970 12973 12978 12979 12982 12983 12984 12994 12997 12998 13000 13083 13086 13134 13174 13175 13195 
	}
	weather={
	}
}
